ЧСС первой минуты: 60 уд./мин
ЧСС второй минуты: 69 уд./мин
ЧСС третий минуты: 70 уд./мин

Интервалы (мс):
1040
1008
976
943
976
1008
1040
1008
976
943
976
1007
1040
1007
976
943
975
1008
1039
1007
975
944
975
1007
1039
1008
975
943
975
1008
1039
1008
975
943
975
1008
1039
1008
975
944
975
1007
1039
1008
975
944
975
1008
1039
1007
975
944
975
1008
1039
1008
975
943
968
1000
1031
1000
968
936
959
992
1024
975
951
920
951
975
984
951
911
880
903
927
960
919
871
840
871
903
936
903
871
840
871
896
920
879
840
807
832
864
887
847
816
784
815
848
879
847
816
783
816
847
880
847
815
784
816
855
888
855
823
776
815
848
879
847
816
783
816
847
880
847
815
784
816
847
896
855
823
792
823
855
888
855
824
792
823
856
887
856
823
792
824
855
895
864
832
799
831
864
896
863
832
799
832
863
896
864
831
800
831
871
903
872
840
807
840
871
904
871
840
823
848
879
912
879
848
816
847
879
920
888
855
823
855
888
927
896
864
840
871
903
