ЧСС первой минуты: 125 уд./мин
ЧСС второй минуты: 130 уд./мин
ЧСС третий минуты: 129 уд./мин

Интервалы (мс):
336
688
327
696
352
631
336
576
351
584
351
592
336
583
336
535
359
552
391
599
336
679
327
640
384
615
352
672
327
672
327
640
359
632
335
656
375
584
327
615
375
576
344
640
327
647
344
591
352
640
344
695
336
695
376
7
600
352
623
344
663
327
688
320
703
312
631
368
615
320
695
376
655
359
640
351
600
335
632
327
664
320
688
359
591
327
640
352
631
368
631
344
615
344
567
328
576
335
551
375
551
328
600
327
544
335
583
344
615
335
640
328
631
352
567
359
591
328
640
359
615
335
576
328
583
320
631
320
679
344
640
320
616
335
655
328
680
327
680
343
615
328
576
335
575
328
591
328
575
311
568
319
600
327
648
351
608
328
647
328
647
352
584
351
528
352
551
320
583
320
519
335
544
335
583
328
632
328
607
336
631
335
624
327
576
328
599
343
592
359
543
328
559
336
575
319
568
335
503
328
560
335
576
359
512
359
536
327
576
352
551
328
536
319
591
328
600
327
536
304
560
328
551
328
599
359
560
335
615
344
640
343
624
343
591
335
615
344
599
352
543
335
560
359
536
343
528
359
495
328
519
352
519
328
560
352
536
335
495
328
543
320
575
319
584
359
487
344
543
352
519
335
567
336
495
344
503
335
536
312
608
343
544
319
584
311
623
320
623
335
592
336
607
320
631
336
592
343
560
335
575
328
608
343
568
319
599
336
608
352
623
343
584
336
591
343
608
328
616
327
568
360
567
312
623
335
600
319
584
352
584
327
632
319
632
312
632
328
655
336
663
328
632
328
632
335
640
343
632
328
584
335
599
328
623
328
600
319
647
336
647
343
584
319
647
312
639
319
616
328
632
359
544
335
608
328
560
328
608
319
599
343
608
