ЧСС первой минуты: 84 уд./мин
ЧСС второй минуты: 85 уд./мин
ЧСС третий минуты: 89 уд./мин

Интервалы (мс):
944
736
152
887
920
231
712
871
887
936
8
936
839
231
552
775
224
615
1016
231
784
984
64
887
968
792
160
864
879
903
832
135
943
920
968
992
823
135
912
951
807
152
936
864
927
975
8
1000
920
927
936
247
680
831
816
240
615
920
768
143
1175
728
952
911
832
1047
847
600
807
231
528
743
759
815
896
871
752
136
951
960
751
144
903
896
920
728
367
551
800
855
944
951
856
823
847
864
751
135
832
815
847
8
840
839
800
799
831
896
927
896
840
879
224
671
920
879
832
871
239
8
640
927
855
816
840
879
231
680
871
839
240
640
887
880
799
783
808
840
871
855
7
856
871
920
927
215
856
567
1055
640
871
807
8
799
816
855
920
7
896
871
240
671
920
792
143
840
239
584
871
896
224
679
840
847
240
871
671
887
832
1071
640
231
639
1064
583
808
855
864
823
808
807
840
871
216
8
655
832
816
1119
671
896
15
903
840
831
248
799
448
135
872
951
951
240
703
856
223
823
528
223
551
832
223
943
784
1031
816
135
864
816
8
831
879
896
1143
672
855
816
799
1024
640
231
639
879
824
247
576
799
231
807
640
823
792
736
15
743
783
224
