ЧСС первой минуты: 60 уд./мин
ЧСС второй минуты: 59 уд./мин
ЧСС третий минуты: 62 уд./мин

Интервалы (мс):
944
936
903
895
944
1008
1008
968
975
1000
992
943
912
927
1008
1072
1039
992
1000
1015
952
911
968
1015
1000
952
943
975
960
896
903
928
968
991
968
1000
1031
1000
904
920
967
1008
991
1024
1064
1088
1031
1008
1055
1072
1031
992
1039
1088
1103
1064
984
1007
1048
1072
1079
1031
1039
1064
1039
951
847
824
823
871
1039
1168
1120
1079
1055
1048
1031
1016
1024
1023
1048
1072
1055
1072
1072
1096
1087
1079
1064
1063
1016
871
831
800
823
896
951
871
887
944
992
896
879
920
888
807
784
775
808
903
1783
1680
2248
1111
1079
1079
1088
1095
1064
1072
1063
1055
1079
1088
1120
1096
1063
1055
1064
1048
1063
1048
1031
304
1512
1671
136
871
872
919
864
847
872
855
776
807
831
792
807
856
816
855
927
855
903
896
879
951
919
968
1000
943
1032
975
959
1024
1032
1015
968
1063
1087
1024
975
984
943
896
975
1031
1016
1048
